# Created by Octave 4.0.3, Tue Sep 27 16:09:01 2016 ART <fabrizio@fabrihack>
# name: DIR
# type: sq_string
# elements: 1
# length: 59
/home/fabrizio/Documentos/materias/5to/pfc/codigos/mallas.m


# name: ans
# type: scalar
-1


# name: estados1
# type: matrix
# rows: 11
# columns: 4
 1 3 3 3
 2 3 3 3
 3 3 3 3
 4 3 3 3
 5 3 3 3
 6 3 3 3
 7 3 3 3
 8 3 3 3
 9 3 3 3
 10 3 3 3
 11 3 3 3


# name: estados2
# type: matrix
# rows: 15
# columns: 4
 1 -1 -1 -1
 2 -1 -1 -1
 3 -1 -1 -1
 4 -1 -1 -1
 5 -1 -1 -1
 6 -1 -1 -1
 7 -1 -1 -1
 8 -1 -1 -1
 9 -1 -1 -1
 10 -1 -1 -1
 11 -1 -1 -1
 12 -1 -1 -1
 13 -1 -1 -1
 14 -1 -1 -1
 15 -1 -1 -1


# name: estados3
# type: matrix
# rows: 15
# columns: 2
 1 1.25
 2 1.5
 3 2
 4 2.25
 5 3.25
 6 4.75
 7 4.25
 8 4
 9 3.75
 10 2.25
 11 2.5
 12 3
 13 3
 14 3.25
 15 3.75


# name: estados4
# type: matrix
# rows: 8
# columns: 4
 1 -1 -1 -1
 2 -1 -1 -1
 3 -1 -1 -1
 4 -1 -1 -1
 5 -1 -1 -1
 6 -1 -1 -1
 7 -1 -1 -1
 8 -1 -1 -1


# name: estados5
# type: matrix
# rows: 7
# columns: 4
 1 5 5 5
 2 5 5 5
 3 5 5 5
 4 5 5 5
 5 5 5 5
 6 5 5 5
 7 5 5 5


# name: icone1
# type: matrix
# rows: 12
# columns: 3
 1 2 9
 2 10 9
 2 3 10
 3 11 10
 3 4 5
 3 5 11
 5 6 11
 6 7 11
 7 9 11
 9 10 11
 9 7 8
 1 9 8


# name: icone2
# type: matrix
# rows: 7
# columns: 4
 1 2 11 10
 2 3 12 11
 3 4 5 12
 11 5 15 13
 14 15 6 7
 13 14 7 8
 10 11 8 9


# name: icone3
# type: matrix
# rows: 7
# columns: 3
 2 3 9
 3 11 9
 11 5 6
 11 6 7
 10 11 7
 10 7 8
 9 10 8


# name: icone4
# type: matrix
# rows: 6
# columns: 2
 1 2
 2 3
 3 4
 4 5
 5 6
 6 7


# name: icone5
# type: matrix
# rows: 4
# columns: 2
 2 3
 3 4
 4 5
 5 6


# name: icone_f
# type: matrix
# rows: 26
# columns: 2
 1 2
 2 3
 3 4
 4 5
 5 6
 6 7
 7 8
 8 9
 9 10
 10 11
 11 12
 12 13
 13 14
 14 15
 15 16
 16 17
 17 18
 18 19
 19 20
 20 21
 21 22
 22 23
 23 24
 24 25
 25 26
 26 27


# name: icone_s
# type: matrix
# rows: 5
# columns: 2
 1 2
 2 3
 3 4
 4 5
 5 6


# name: k
# type: scalar
0


# name: p_f
# type: matrix
# rows: 1
# columns: 27
 -0.01 -0.00970941817426052 -0.008854560256532099 -0.007485107481711009 -0.005680647467311557 -0.003546048870425357 -0.001205366802553229 0.001205366802553235 0.003546048870425358 0.005680647467311558 0.007485107481711012 0.0088545602565321 0.00970941817426052 0.01 0.009709418174260518 0.008854560256532097 0.00748510748171101 0.005680647467311558 0.003546048870425358 0.001205366802553228 -0.001205366802553233 -0.003546048870425357 -0.005680647467311564 -0.007485107481711014 -0.0088545602565321 -0.00970941817426052 -0.01


# name: state_f
# type: matrix
# rows: 27
# columns: 2
 1 -1
 2 -1
 3 -1
 4 -1
 5 -1
 6 -1
 7 -1
 8 -1
 9 -1
 10 -1
 11 -1
 12 -1
 13 -1
 14 -1
 15 -1
 16 -1
 17 -1
 18 -1
 19 -1
 20 -1
 21 -1
 22 -1
 23 -1
 24 -1
 25 -1
 26 -1
 27 -1


# name: state_s
# type: matrix
# rows: 6
# columns: 2
 1 -0.01
 2 -0.003090169943749473
 3 0.008090169943749474
 4 0.008090169943749472
 5 -0.003090169943749476
 6 -0.01


# name: u_s
# type: matrix
# rows: 1
# columns: 6
 -0.01 -0.003090169943749473 0.008090169943749474 0.008090169943749472 -0.003090169943749476 -0.01


# name: xf
# type: matrix
# rows: 1
# columns: 27
 -0.5 -0.4615384615384616 -0.4230769230769231 -0.3846153846153846 -0.3461538461538461 -0.3076923076923077 -0.2692307692307692 -0.2307692307692307 -0.1923076923076923 -0.1538461538461539 -0.1153846153846154 -0.07692307692307687 -0.03846153846153844 0 0.03846153846153855 0.07692307692307698 0.1153846153846154 0.1538461538461539 0.1923076923076923 0.2307692307692308 0.2692307692307693 0.3076923076923077 0.3461538461538463 0.3846153846153847 0.4230769230769231 0.4615384615384616 0.5


# name: xnode1
# type: matrix
# rows: 11
# columns: 3
 1 1 0
 2 1 0
 3 1 0
 4 0.5 0
 4 2 0
 3 5 0
 2 4 0
 1 3 0
 1.5 2 0
 2.5 1.5 0
 3 3 0


# name: xnode2
# type: matrix
# rows: 15
# columns: 3
 1.5 0.5 0
 2 0.5 0
 3 0.5 0
 3.5 0.5 0
 3.5 1.5 0
 3.5 3 0
 2.5 3 0
 2 3 0
 1.5 3 0
 1.5 1.5 0
 2 1.5 0
 3 1.5 0
 2 2 0
 2.5 2 0
 3.5 2 0


# name: xnode3
# type: matrix
# rows: 11
# columns: 3
 1 0.5 0
 2 0.5 0
 3 0.5 0
 4.5 1.5 0
 3.5 2 0
 3 2.5 0
 2.5 2.5 0
 1.5 2.5 0
 1.5 1.5 0
 2 1.5 0
 3 1.5 0


# name: xnode4
# type: matrix
# rows: 8
# columns: 3
 1.5 4 0
 2.5 6 0
 4.5 7 0
 5.5 7 0
 7.5 8 0
 8.5 8 0
 9 8 0
 11.5 9.5 0


# name: xnode5
# type: matrix
# rows: 7
# columns: 3
 1 1 0
 2 2.5 0
 3.5 3.5 0
 4.5 4 0
 7 5 0
 8.5 5.5 0
 10 5.5 0


# name: xnode_f
# type: matrix
# rows: 27
# columns: 3
 -0.5 -2.449293598294707e-17 0
 -0.4615384615384616 -0.04786313285751154 0
 -0.4230769230769231 -0.09294463440875374 0
 -0.3846153846153846 -0.1326245316481591 0
 -0.3461538461538461 -0.1645967731787313 0
 -0.3076923076923077 -0.187003248537083 0
 -0.2692307692307692 -0.1985417748196108 0
 -0.2307692307692307 -0.1985417748196108 0
 -0.1923076923076923 -0.1870032485370829 0
 -0.1538461538461539 -0.1645967731787313 0
 -0.1153846153846154 -0.132624531648159 0
 -0.07692307692307687 -0.09294463440875367 0
 -0.03846153846153844 -0.04786313285751152 0
 0 0 0
 0.03846153846153855 0.04786313285751166 0
 0.07692307692307698 0.09294463440875378 0
 0.1153846153846154 0.1326245316481591 0
 0.1538461538461539 0.1645967731787313 0
 0.1923076923076923 0.1870032485370829 0
 0.2307692307692308 0.1985417748196108 0
 0.2692307692307693 0.1985417748196108 0
 0.3076923076923077 0.187003248537083 0
 0.3461538461538463 0.1645967731787312 0
 0.3846153846153847 0.132624531648159 0
 0.4230769230769231 0.09294463440875367 0
 0.4615384615384616 0.04786313285751154 0
 0.5 2.449293598294707e-17 0


# name: xnode_s
# type: matrix
# rows: 6
# columns: 3
 -0.5 -2.449293598294707e-17 0
 -0.3 -0.1902113032590307 0
 -0.09999999999999998 -0.1175570504584946 0
 0.1000000000000001 0.1175570504584947 0
 0.3 0.1902113032590307 0
 0.5 2.449293598294707e-17 0


# name: xs
# type: matrix
# rows: 1
# columns: 6
 -0.5 -0.3 -0.09999999999999998 0.1000000000000001 0.3 0.5


# name: yf
# type: matrix
# rows: 1
# columns: 27
 -2.449293598294707e-17 -0.04786313285751154 -0.09294463440875374 -0.1326245316481591 -0.1645967731787313 -0.187003248537083 -0.1985417748196108 -0.1985417748196108 -0.1870032485370829 -0.1645967731787313 -0.132624531648159 -0.09294463440875367 -0.04786313285751152 0 0.04786313285751166 0.09294463440875378 0.1326245316481591 0.1645967731787313 0.1870032485370829 0.1985417748196108 0.1985417748196108 0.187003248537083 0.1645967731787312 0.132624531648159 0.09294463440875367 0.04786313285751154 2.449293598294707e-17


# name: ys
# type: matrix
# rows: 1
# columns: 6
 -2.449293598294707e-17 -0.1902113032590307 -0.1175570504584946 0.1175570504584947 0.1902113032590307 2.449293598294707e-17


