# Created by Octave 4.0.3, Tue Oct 25 19:54:19 2016 ART <fabrizio@fabrihack>
# name: DIR
# type: sq_string
# elements: 1
# length: 59
/home/fabrizio/Documentos/materias/5to/pfc/codigos/mallas.m


# name: ans
# type: sq_string
# elements: 1
# length: 7
gnuplot


# name: den
# type: scalar
0.0014


# name: dif
# type: matrix
# rows: 27
# columns: 1
 0
 0.001257413320168915
 0.001879997147886496
 0.001862107595242962
 0.001262878825858163
 0.0002342295278337184
 8.257423168963858e-06
 -0.0006916518856996141
 -0.001379570741231753
 -0.001464600924286642
 -0.0006237432111970117
 -0.0007643903127826264
 -0.001619248230511048
 -0.001909830056250528
 -0.001619248230511046
 -0.0007643903127826247
 -0.0006237432111970082
 -0.001464600924286637
 -0.001379570741231751
 -0.0006916518856996126
 8.257423168964509e-06
 0.0002342295278337158
 0.001262878825858166
 0.001862107595242961
 0.001879997147886493
 0.001257413320168915
 0


# name: dominio1
# type: matrix
# rows: 10
# columns: 2
 -0.5 -0.3
 -0.3 -0.5
 -0.3 -0.09999999999999998
 -0.09999999999999998 -0.3
 -0.09999999999999998 0.1000000000000001
 0.1000000000000001 -0.09999999999999998
 0.1000000000000001 0.3
 0.3 0.1000000000000001
 0.3 0.5
 0.5 0.3


# name: dominio2
# type: matrix
# rows: 52
# columns: 2
 -0.5 -0.4615384615384616
 -0.4615384615384616 -0.5
 -0.4615384615384616 -0.4230769230769231
 -0.4230769230769231 -0.4615384615384616
 -0.4230769230769231 -0.3846153846153846
 -0.3846153846153846 -0.4230769230769231
 -0.3846153846153846 -0.3461538461538461
 -0.3461538461538461 -0.3846153846153846
 -0.3461538461538461 -0.3076923076923077
 -0.3076923076923077 -0.3461538461538461
 -0.3076923076923077 -0.2692307692307692
 -0.2692307692307692 -0.3076923076923077
 -0.2692307692307692 -0.2307692307692307
 -0.2307692307692307 -0.2692307692307692
 -0.2307692307692307 -0.1923076923076923
 -0.1923076923076923 -0.2307692307692307
 -0.1923076923076923 -0.1538461538461539
 -0.1538461538461539 -0.1923076923076923
 -0.1538461538461539 -0.1153846153846154
 -0.1153846153846154 -0.1538461538461539
 -0.1153846153846154 -0.07692307692307687
 -0.07692307692307687 -0.1153846153846154
 -0.07692307692307687 -0.03846153846153844
 -0.03846153846153844 -0.07692307692307687
 -0.03846153846153844 0
 0 -0.03846153846153844
 0 0.03846153846153855
 0.03846153846153855 0
 0.03846153846153855 0.07692307692307698
 0.07692307692307698 0.03846153846153855
 0.07692307692307698 0.1153846153846154
 0.1153846153846154 0.07692307692307698
 0.1153846153846154 0.1538461538461539
 0.1538461538461539 0.1153846153846154
 0.1538461538461539 0.1923076923076923
 0.1923076923076923 0.1538461538461539
 0.1923076923076923 0.2307692307692308
 0.2307692307692308 0.1923076923076923
 0.2307692307692308 0.2692307692307693
 0.2692307692307693 0.2307692307692308
 0.2692307692307693 0.3076923076923077
 0.3076923076923077 0.2692307692307693
 0.3076923076923077 0.3461538461538463
 0.3461538461538463 0.3076923076923077
 0.3461538461538463 0.3846153846153847
 0.3846153846153847 0.3461538461538463
 0.3846153846153847 0.4230769230769231
 0.4230769230769231 0.3846153846153847
 0.4230769230769231 0.4615384615384616
 0.4615384615384616 0.4230769230769231
 0.4615384615384616 0.5
 0.5 0.4615384615384616


# name: error
# type: scalar
0.1697830920480044


# name: estados
# type: matrix
# rows: 27
# columns: 2
 1 -0.01
 2 -0.008452004854091607
 3 -0.006974563108645603
 4 -0.005622999886468047
 5 -0.004417768641453389
 6 -0.003311819342591638
 7 -0.001197109379384265
 8 0.0005137149168536206
 9 0.002166478129193605
 10 0.004216046543024913
 11 0.006861364270513998
 12 0.008090169943749474
 13 0.008090169943749472
 14 0.008090169943749472
 15 0.008090169943749472
 16 0.008090169943749472
 17 0.006861364270514002
 18 0.004216046543024918
 19 0.002166478129193608
 20 0.0005137149168536153
 21 -0.001197109379384269
 22 -0.003311819342591641
 23 -0.004417768641453398
 24 -0.005622999886468054
 25 -0.006974563108645605
 26 -0.008452004854091607
 27 -0.01


# name: estados1
# type: matrix
# rows: 11
# columns: 4
 1 3 3 3
 2 3 3 3
 3 3 3 3
 4 3 3 3
 5 3 3 3
 6 3 3 3
 7 3 3 3
 8 3 3 3
 9 3 3 3
 10 3 3 3
 11 3 3 3


# name: estados2
# type: matrix
# rows: 15
# columns: 4
 1 -1 -1 -1
 2 -1 -1 -1
 3 -1 -1 -1
 4 -1 -1 -1
 5 -1 -1 -1
 6 -1 -1 -1
 7 -1 -1 -1
 8 -1 -1 -1
 9 -1 -1 -1
 10 -1 -1 -1
 11 -1 -1 -1
 12 -1 -1 -1
 13 -1 -1 -1
 14 -1 -1 -1
 15 -1 -1 -1


# name: estados3
# type: matrix
# rows: 15
# columns: 2
 1 1.25
 2 1.5
 3 2
 4 2.25
 5 3.25
 6 4.75
 7 4.25
 8 4
 9 3.75
 10 2.25
 11 2.5
 12 3
 13 3
 14 3.25
 15 3.75


# name: estados4
# type: matrix
# rows: 8
# columns: 4
 1 -1 -1 -1
 2 -1 -1 -1
 3 -1 -1 -1
 4 -1 -1 -1
 5 -1 -1 -1
 6 -1 -1 -1
 7 -1 -1 -1
 8 -1 -1 -1


# name: estados5
# type: matrix
# rows: 7
# columns: 4
 1 5 5 5
 2 5 5 5
 3 5 5 5
 4 5 5 5
 5 5 5 5
 6 5 5 5
 7 5 5 5


# name: exact
# type: matrix
# rows: 1
# columns: 27
 -0.01 -0.009709418174260522 -0.008854560256532099 -0.007485107481711009 -0.005680647467311553 -0.003546048870425357 -0.001205366802553229 0.001205366802553235 0.003546048870425358 0.005680647467311555 0.00748510748171101 0.0088545602565321 0.00970941817426052 0.01 0.009709418174260518 0.008854560256532097 0.00748510748171101 0.005680647467311555 0.003546048870425358 0.001205366802553228 -0.001205366802553233 -0.003546048870425357 -0.005680647467311564 -0.007485107481711014 -0.008854560256532099 -0.009709418174260522 -0.01


# name: icone1
# type: matrix
# rows: 12
# columns: 3
 1 2 9
 2 10 9
 2 3 10
 3 11 10
 3 4 5
 3 5 11
 5 6 11
 6 7 11
 7 9 11
 9 10 11
 9 7 8
 1 9 8


# name: icone2
# type: matrix
# rows: 7
# columns: 4
 1 2 11 10
 2 3 12 11
 3 4 5 12
 11 5 15 13
 14 15 6 7
 13 14 7 8
 10 11 8 9


# name: icone3
# type: matrix
# rows: 7
# columns: 3
 2 3 9
 3 11 9
 11 5 6
 11 6 7
 10 11 7
 10 7 8
 9 10 8


# name: icone4
# type: matrix
# rows: 6
# columns: 2
 1 2
 2 3
 3 4
 4 5
 5 6
 6 7


# name: icone5
# type: matrix
# rows: 4
# columns: 2
 2 3
 3 4
 4 5
 5 6


# name: icone_f
# type: matrix
# rows: 52
# columns: 2
 1 2
 2 3
 3 4
 4 5
 5 6
 6 7
 7 8
 8 9
 9 10
 10 11
 11 12
 12 13
 13 14
 14 15
 15 16
 16 17
 17 18
 18 19
 19 20
 20 21
 21 22
 22 23
 23 24
 24 25
 25 26
 26 27
 27 28
 28 29
 29 30
 30 31
 31 32
 32 33
 33 34
 34 35
 35 36
 36 37
 37 38
 38 39
 39 40
 40 41
 41 42
 42 43
 43 44
 44 45
 45 46
 46 47
 47 48
 48 49
 49 50
 50 51
 51 52
 52 53


# name: icone_s
# type: matrix
# rows: 10
# columns: 2
 1 2
 2 3
 3 4
 4 5
 5 6
 6 7
 7 8
 8 9
 9 10
 10 11


# name: imagen1
# type: matrix
# rows: 10
# columns: 2
 -2.449293598294707e-17 -0.1902113032590307
 -0.1902113032590307 -2.449293598294707e-17
 -0.1902113032590307 -0.1175570504584946
 -0.1175570504584946 -0.1902113032590307
 -0.1175570504584946 0.1175570504584947
 0.1175570504584947 -0.1175570504584946
 0.1175570504584947 0.1902113032590307
 0.1902113032590307 0.1175570504584947
 0.1902113032590307 2.449293598294707e-17
 2.449293598294707e-17 0.1902113032590307


